# hack
local Library = loadstring(game:HttpGet("https://raw.githubusercontent.com/xHeptc/Kavo-UI-Library/main/source.lua"))() local Window = Library.CreateLib("ChoColate Hub", "LightTheme")  local Tab = Window:NewTab("Main Menu") local Section = Tab:NewSection("Menu") Section:NewToggle("Auto farmLv", "Hi", function(state)     if state then         print("Toggle On")     else         print("Toggle Off")     end end)  --  local Tab = Window:NewTab("Tp") local Section = Tab:NewSection("Tp") Section:NewButton("cafe", "ButtonInfo", function()     game.Players.LocalPlayer.Character.HumanoidRootPart.CFrame = CFrame.new(-381.38739, 73.0200729, 303.845306, -0.996912479, 4.70165453e-08, -0.0785205811, 4.7029161e-08, 1, 1.68856351e-09, 0.0785205811, -2.00940686e-09, -0.996912479) end) Section:NewButton("green bit", "ButtonInfo", function()     game.Players.LocalPlayer.Character.HumanoidRootPart.CFrame = CFrame.new(-2492.35254, 72.9661179, -3327.30713, 0.611820281, -1.60077072e-08, -0.79099679, 1.39813707e-08, 1, -9.4230721e-09, 0.79099679, -5.29399324e-09, 0.611820281) end) Section:NewButton("Third Sea", "ButtonInfo", function()     game.Players.LocalPlayer.Character.HumanoidRootPart.CFrame = CFrame.new(-1950.40283, 9.29503345, -2596.9812, -0.810341418, 4.19103472e-08, -0.585958004, 4.81958082e-08, 1, 4.87285456e-09, 0.585958004, -2.42920439e-08, -0.810341418) end)
